//Data Generated by Mockaroo.com
1,8,6,4
2,7,3,2
3,3,6,5
4,7,1,6
5,3,6,3
6,1,3,3
7,1,7,1
8,6,5,1
9,2,6,4
10,2,4,5
11,2,1,3
12,8,5,8
13,6,1,2
14,3,3,2
15,5,4,3
16,2,8,5
17,8,4,1
18,3,1,2
19,4,6,4
20,6,8,5
21,1,6,2
22,7,7,8
23,1,5,7
24,1,1,3
25,4,7,1
26,1,3,7
27,7,8,1
28,1,8,2
29,7,7,8
30,1,6,2
31,2,5,8
32,3,2,7
33,1,4,6
34,2,1,6
35,2,3,7
36,1,3,6
37,3,1,8
38,7,8,3
39,8,8,1
40,7,4,2
41,3,1,6
42,3,5,2
43,7,3,5
44,7,4,1
45,4,4,8
46,5,2,3
47,4,7,1
48,7,2,1
49,3,2,8
50,1,5,5
51,8,6,6
52,2,1,6
53,1,6,2
54,7,4,2
55,4,6,1
56,6,5,7
57,3,6,2
58,6,7,3
59,8,3,6
60,8,4,5
61,8,6,8
62,6,8,4
63,6,2,7
64,4,4,4
65,1,4,8
66,5,7,1
67,8,7,8
68,4,3,4
69,2,8,4
70,5,8,5
71,5,8,5
72,6,8,4
73,1,2,8
74,4,8,3
75,8,5,5
76,3,7,6
77,3,4,5
78,1,6,5
79,4,3,3
80,4,5,4
81,4,1,5
82,8,8,1
83,3,2,7
84,4,8,2
85,8,5,1
86,4,6,3
87,6,7,8
88,7,3,3
89,1,4,8
90,5,2,2
91,1,5,7
92,8,1,7
93,6,1,7
94,7,5,6
95,1,1,2
96,2,8,6
97,1,1,1
98,3,6,3
99,5,4,7
100,4,8,8
101,2,1,7
102,2,5,4
103,2,7,4
104,1,6,3
105,3,3,6
106,6,7,4
107,8,3,5
108,6,3,6
109,6,8,7
110,3,3,2
111,7,5,2
112,8,6,2
113,4,2,3
114,2,5,4
115,8,6,4
116,2,1,3
117,7,2,3
118,6,6,8
119,1,7,6
120,5,2,7
121,3,3,1
122,1,7,2
123,4,7,4
124,5,4,5
125,4,6,8
126,7,3,4
127,6,1,3
128,5,3,5
129,6,5,5
130,8,3,4
131,2,7,7
132,4,8,7
133,1,7,7
134,3,8,8
135,4,5,1
136,8,3,8
137,2,5,2
138,8,8,3
139,2,5,4
140,8,8,3
141,3,1,2
142,3,4,5
143,5,7,2
144,2,5,6
145,3,6,1
146,2,5,2
147,1,4,3
148,1,5,4
149,1,5,3
150,6,5,1
151,1,7,4
152,5,6,3
153,6,7,1
154,8,6,7
155,6,8,2
156,1,7,5
157,6,3,2
158,8,3,8
159,5,8,6
160,6,5,8
161,6,1,2
162,4,4,4
163,7,7,2
164,6,6,6
165,3,6,3
166,2,3,5
167,7,8,1
168,2,6,6
169,4,7,3
170,6,1,5
171,5,1,7
172,4,1,2
173,3,5,6
174,6,5,4
175,1,2,7
176,2,5,6
177,5,2,5
178,7,7,6
179,3,4,3
180,3,6,7
181,8,6,7
182,6,3,3
183,8,5,4
184,4,5,6
185,8,1,7
186,2,6,1
187,4,7,2
188,3,5,1
189,3,1,2
190,3,5,3
191,1,7,5
192,8,5,8
193,8,6,3
194,2,5,5
195,5,8,3
196,6,7,4
197,7,3,4
198,1,2,1
199,2,5,4
200,8,8,6
201,1,7,8
202,3,5,5
203,5,2,6
204,4,3,3
205,7,1,2
206,3,6,1
207,1,5,7
208,7,7,1
209,2,8,8
210,8,5,4
211,3,8,4
212,3,8,8
213,1,6,1
214,5,7,2
215,5,4,2
216,2,7,4
217,5,8,1
218,7,4,3
219,1,1,3
220,4,5,8
221,1,3,5
222,4,8,5
223,3,4,2
224,3,6,2
225,1,5,5
226,8,4,3
227,8,2,6
228,5,7,3
229,3,4,7
230,2,2,8
231,6,1,7
232,3,7,8
233,3,5,5
234,6,6,7
235,4,2,1
236,5,4,2
237,7,5,8
238,8,7,7
239,4,1,1
240,1,5,2
241,4,4,6
242,2,5,5
243,2,7,5
244,1,7,1
245,1,3,2
246,7,6,3
247,4,6,8
248,3,8,6
249,6,4,5
250,1,4,7
251,5,2,3
252,1,3,1
253,5,3,2
254,5,7,3
255,8,1,2
256,1,2,6
257,4,3,4
258,8,6,7
259,7,1,7
260,2,6,5
261,5,3,4
262,5,6,5
263,3,6,4
264,8,5,2
265,6,4,8
266,1,5,1
267,1,2,2
268,6,8,8
269,5,3,8
270,2,8,3
271,1,8,6
272,2,2,3
273,5,4,4
274,3,8,6
275,8,3,3
276,3,1,4
277,7,5,5
278,5,8,4
279,4,1,4
280,8,3,5
281,6,3,8
282,7,8,4
283,3,5,6
284,8,2,2
285,4,1,5
286,3,2,6
287,5,8,2
288,5,2,4
289,7,1,4
290,5,6,8
291,5,7,1
292,8,1,2
293,6,1,3
294,5,1,7
295,3,5,1
296,2,4,7
297,3,7,6
298,6,7,5
299,1,7,1
300,8,3,6
301,4,8,3
302,4,2,6
303,3,3,7
304,8,1,4
305,5,7,2
306,5,8,7
307,7,3,5
308,7,5,5
309,1,5,8
310,2,7,8
311,6,6,4
312,7,8,5
313,2,8,4
314,4,8,4
315,4,7,1
316,1,7,2
317,7,1,5
318,4,7,3
319,4,3,6
320,7,6,3
321,1,2,1
322,2,5,2
323,2,7,5
324,4,5,6
325,2,6,4
326,7,6,2
327,1,8,4
328,2,7,6
329,2,7,4
330,3,6,7
331,3,7,5
332,4,8,4
333,8,1,8
334,4,4,4
335,1,3,7
336,3,6,1
337,5,5,2
338,8,7,2
339,4,4,3
340,3,1,8
341,3,5,7
342,5,2,4
343,2,1,6
344,3,7,5
345,5,6,1
346,8,7,4
347,7,8,5
348,8,2,7
349,1,6,6
350,3,3,2
351,4,4,2
352,5,4,4
353,7,5,8
354,5,7,3
355,7,7,8
356,8,5,5
357,1,2,6
358,6,6,4
359,1,5,6
360,1,2,7
361,3,3,3
362,7,7,3
363,4,6,6
364,8,3,2
365,1,1,8
366,7,4,6
367,5,6,8
368,8,2,3
369,3,6,1
370,3,1,5
371,2,6,8
372,8,3,6
373,8,8,5
374,7,3,5
375,4,2,7
376,8,5,4
377,2,5,3
378,5,7,3
379,1,6,8
380,7,7,8
381,2,6,2
382,5,7,1
383,6,3,2
384,4,3,4
385,4,8,2
386,3,6,6
387,2,3,7
388,1,2,5
389,3,6,3
390,2,7,5
391,1,8,4
392,3,8,5
393,6,4,1
394,3,8,3
395,1,1,5
396,7,4,5
397,8,3,6
398,3,4,2
399,2,1,8
400,3,6,7
401,2,6,4
402,6,7,5
403,6,8,5
404,8,4,2
405,8,4,7
406,2,7,2
407,3,5,5
408,6,6,7
409,3,1,5
410,7,7,6
411,4,1,8
412,4,4,4
413,4,2,8
414,3,6,6
415,4,2,4
416,6,8,1
417,7,6,1
418,8,2,4
419,6,3,1
420,1,8,6
421,1,6,4
422,8,2,5
423,2,4,2
424,8,2,8
425,4,4,3
426,1,5,3
427,7,2,4
428,7,2,3
429,3,5,3
430,1,2,8
431,5,4,8
432,2,8,3
433,1,1,2
434,8,4,2
435,6,6,4
436,7,4,3
437,3,4,6
438,5,3,4
439,3,2,8
440,4,4,2
441,2,3,5
442,7,5,1
443,6,2,3
444,2,7,8
445,8,6,8
446,6,5,6
447,4,5,4
448,6,3,5
449,6,5,6
450,4,3,5
451,4,4,1
452,3,2,1
453,7,8,5
454,6,8,4
455,4,4,4
456,3,1,3
457,7,2,1
458,6,5,8
459,5,5,4
460,6,2,8
461,6,1,2
462,2,8,1
463,1,2,4
464,6,3,5
465,5,4,8
466,1,3,4
467,5,2,1
468,3,8,8
469,7,3,1
470,1,8,1
471,5,2,2
472,3,1,7
473,8,1,3
474,3,2,1
475,1,8,2
476,6,6,1
477,1,7,6
478,1,5,3
479,1,1,5
480,1,8,3
481,1,2,2
482,5,6,6
483,7,5,6
484,1,5,7
485,8,6,2
486,1,5,5
487,5,8,7
488,6,4,5
489,1,6,5
490,1,5,6
491,3,1,3
492,5,4,2
493,5,4,8
494,4,4,2
495,5,6,5
496,2,6,8
497,6,6,4
498,7,1,1
499,6,2,1
500,6,5,6
501,7,7,3
502,7,4,5
503,1,5,3
504,6,7,7
505,6,3,4
506,2,3,4
507,1,8,7
508,1,2,1
509,6,5,5
510,2,8,7
511,6,3,8
512,7,8,3
513,4,7,6
514,3,8,2
515,1,8,8
516,5,3,7
517,7,3,4
518,6,5,8
519,8,1,1
520,8,3,6
521,4,6,7
522,3,7,1
523,5,8,2
524,5,7,3
525,3,8,5
526,2,6,7
527,4,5,2
528,6,2,3
529,1,7,3
530,5,5,1
531,5,5,6
532,6,5,1
533,5,3,2
534,1,8,2
535,7,8,7
536,3,3,4
537,8,2,5
538,4,8,3
539,1,8,7
540,8,4,5
541,6,3,6
542,1,8,4
543,2,4,5
544,6,6,5
545,6,8,3
546,5,7,2
547,6,5,6
548,1,1,5
549,3,2,6
550,3,3,6
551,3,4,8
552,2,4,8
553,2,8,8
554,7,7,5
555,7,4,7
556,7,6,4
557,4,4,1
558,5,6,8
559,7,5,6
560,6,5,2
561,2,8,8
562,7,7,8
563,8,5,8
564,7,6,8
565,8,4,1
566,3,8,3
567,4,1,7
568,4,6,2
569,8,4,2
570,7,6,6
571,5,6,8
572,3,6,6
573,1,8,4
574,8,7,2
575,1,8,6
576,8,8,2
577,3,6,2
578,2,8,8
579,3,4,3
580,5,4,8
581,3,1,5
582,6,5,7
583,3,3,6
584,4,2,6
585,5,8,2
586,5,5,8
587,4,3,1
588,7,2,5
589,4,6,6
590,8,8,7
591,2,1,7
592,6,4,4
593,3,2,8
594,6,1,5
595,1,6,5
596,2,6,2
597,8,7,6
598,3,6,4
599,8,4,7
600,6,3,6
601,4,2,5
602,7,7,4
603,6,7,7
604,2,8,4
605,6,3,6
606,3,6,7
607,5,2,2
608,1,4,6
609,7,4,3
610,7,8,8
611,1,5,2
612,6,4,4
613,2,8,5
614,7,5,7
615,2,4,5
616,5,1,1
617,3,1,6
618,7,8,7
619,6,2,6
620,4,4,6
621,2,8,2
622,6,3,8
623,5,1,2
624,7,3,2
625,3,3,8
626,3,2,6
627,4,2,2
628,3,1,1
629,7,2,3
630,2,6,6
631,7,2,4
632,1,7,7
633,7,2,1
634,5,4,2
635,7,6,1
636,1,7,4
637,6,2,5
638,8,7,7
639,8,5,1
640,4,6,8
641,3,6,1
642,7,8,8
643,7,7,8
644,8,7,8
645,5,5,5
646,4,2,5
647,6,2,6
648,6,4,4
649,3,1,2
650,1,6,6
651,1,8,5
652,5,1,8
653,2,4,7
654,3,4,1
655,4,2,7
656,5,6,8
657,5,5,3
658,1,6,7
659,6,4,8
660,7,3,8
661,3,4,8
662,6,8,5
663,7,2,5
664,3,6,7
665,5,4,6
666,2,6,4
667,4,7,6
668,6,1,4
669,8,7,1
670,4,6,8
671,4,3,7
672,5,2,2
673,3,4,1
674,1,6,4
675,1,8,4
676,1,3,8
677,6,6,7
678,6,8,1
679,3,8,2
680,1,6,1
681,4,2,3
682,2,3,6
683,6,4,2
684,8,7,2
685,1,6,3
686,3,6,3
687,7,2,7
688,1,4,4
689,5,8,8
690,6,4,3
691,2,3,3
692,1,3,4
693,2,2,7
694,2,3,7
695,6,8,1
696,1,3,4
697,1,5,7
698,1,8,7
699,3,3,8
700,1,6,4
701,6,5,4
702,5,3,7
703,7,7,5
704,6,6,8
705,5,6,4
706,2,4,7
707,8,4,2
708,1,2,6
709,2,5,2
710,2,3,8
711,7,4,3
712,7,5,7
713,5,2,3
714,1,4,1
715,3,5,5
716,4,6,2
717,5,3,2
718,4,5,8
719,7,2,2
720,2,4,2
721,6,2,8
722,5,8,5
723,2,6,3
724,1,1,2
725,2,4,8
726,4,8,2
727,6,2,3
728,6,1,3
729,4,4,2
730,6,5,7
731,6,1,6
732,4,8,4
733,6,7,4
734,1,6,1
735,5,2,8
736,2,3,6
737,2,5,3
738,1,5,6
739,4,2,4
740,8,3,6
741,2,3,2
742,8,3,5
743,3,4,4
744,8,4,4
745,4,5,6
746,5,4,5
747,3,5,1
748,3,4,4
749,6,7,4
750,7,2,1
751,2,5,7
752,7,2,8
753,2,2,4
754,6,3,6
755,6,7,5
756,2,3,2
757,7,2,6
758,6,5,5
759,8,2,7
760,6,6,2
761,2,1,6
762,5,8,8
763,6,7,5
764,4,8,6
765,2,5,1
766,7,2,2
767,4,4,3
768,5,1,1
769,7,7,3
770,8,4,8
771,5,1,7
772,6,3,4
773,5,2,6
774,5,4,7
775,2,3,4
776,2,5,2
777,4,2,1
778,3,1,8
779,8,3,7
780,3,5,3
781,6,7,7
782,3,7,4
783,1,6,7
784,5,4,2
785,5,5,1
786,2,4,3
787,6,5,7
788,1,1,5
789,6,5,7
790,5,4,6
791,1,2,4
792,6,8,2
793,2,2,1
794,5,1,2
795,6,3,8
796,4,5,5
797,7,8,3
798,8,5,5
799,8,3,6
800,7,1,8
801,1,1,3
802,1,2,4
803,4,2,3
804,6,5,5
805,4,6,7
806,6,7,6
807,4,5,3
808,6,1,6
809,4,7,4
810,5,7,3
811,4,7,7
812,4,1,6
813,6,7,5
814,3,7,6
815,6,1,7
816,3,4,4
817,3,2,2
818,2,5,8
819,7,1,5
820,6,3,4
821,6,7,1
822,6,2,1
823,5,6,8
824,7,7,7
825,6,2,6
826,1,1,2
827,3,7,8
828,7,8,5
829,2,4,8
830,3,3,3
831,6,7,6
832,1,3,3
833,1,5,5
834,2,7,3
835,7,3,3
836,2,1,6
837,1,7,4
838,8,6,2
839,7,8,5
840,6,5,4
841,8,7,8
842,7,1,4
843,1,2,2
844,5,2,5
845,4,8,7
846,5,2,1
847,8,4,8
848,1,6,7
849,4,7,4
850,8,3,8
851,8,7,3
852,7,5,7
853,5,2,4
854,4,5,4
855,7,1,1
856,1,6,3
857,1,1,3
858,3,8,7
859,2,7,7
860,5,8,3
861,3,6,6
862,3,5,4
863,5,6,8
864,1,3,7
865,2,1,4
866,7,5,2
867,1,7,1
868,7,5,2
869,4,1,2
870,2,4,1
871,2,8,5
872,6,3,6
873,2,7,8
874,6,1,4
875,4,4,5
876,3,7,2
877,1,8,1
878,7,7,7
879,4,5,4
880,2,8,7
881,1,2,2
882,2,5,7
883,7,2,3
884,7,1,7
885,6,8,2
886,4,8,6
887,2,2,1
888,3,8,2
889,1,6,8
890,2,7,7
891,1,1,5
892,5,5,7
893,4,5,7
894,8,3,3
895,1,1,4
896,7,4,6
897,2,7,7
898,8,4,5
899,2,7,4
900,2,2,1
901,8,4,4
902,5,2,3
903,3,1,6
904,8,5,6
905,5,2,2
906,6,1,8
907,7,2,6
908,3,4,4
909,6,4,1
910,7,8,5
911,4,2,7
912,6,3,1
913,2,8,3
914,2,1,1
915,1,4,5
916,2,5,1
917,7,6,4
918,5,5,5
919,3,2,7
920,6,6,6
921,1,3,1
922,5,8,7
923,1,6,8
924,2,4,5
925,4,2,2
926,6,1,1
927,3,6,5
928,2,1,3
929,1,7,5
930,6,8,3
931,2,7,6
932,3,5,6
933,7,8,8
934,4,5,3
935,6,5,3
936,8,5,3
937,2,6,4
938,3,1,1
939,7,1,5
940,2,7,2
941,5,6,5
942,5,8,1
943,5,6,5
944,2,8,7
945,5,4,4
946,3,4,7
947,2,1,3
948,6,6,8
949,6,3,5
950,3,6,8
951,2,4,4
952,6,7,5
953,2,5,1
954,4,8,2
955,7,6,8
956,3,2,8
957,5,4,5
958,6,6,2
959,8,1,2
960,1,4,6
961,3,6,4
962,5,4,2
963,2,7,7
964,8,7,7
965,8,2,8
966,7,7,6
967,5,8,1
968,2,7,7
969,6,4,8
970,7,7,8
971,8,7,4
972,6,7,6
973,8,8,1
974,6,7,7
975,7,6,7
976,3,6,2
977,8,1,7
978,3,5,1
979,7,4,4
980,5,1,7
981,2,3,5
982,4,4,5
983,6,7,8
984,3,7,3
985,4,4,8
986,2,1,3
987,1,6,1
988,3,6,8
989,2,1,7
990,2,1,6
991,5,4,8
992,7,7,4
993,1,3,2
994,1,2,3
995,1,3,2
996,5,3,7
997,5,5,6
998,2,1,6
999,6,1,3
1000,4,3,6
